800000000000000000
18420732556575814
15064175305948084
31648324325408361
32537026265044442
28646453439359869
2476792382775146
22182889523415711
21685240104716684
4125432371651010
20336629046231528
17665182808177525
24799810090542405
5590281155430219
3603797054713558
348436143212943
4097242659295682
29810267301294078
14658803058588712
20289970436781029
919448760493390
22086682309451815
20351398744295618
1294734198225647
24323364022594117
32765438950007783
8189939428546657
29223375069435961
17249379381343991
18712476331764306
13004166747642382
19002546533299453
7458982950149162
8237995667910667
17520572494555349
15902571841430163
8493340949027286
5324427884614998
26876514145464003
20386845812581578
32047787047018542
21381351716284334
1306672775264620
24593573194088260
14406922693359141
30019498865319398
11277335813270334
29301429063037410
28209005199633654
29017528705062528
27288577356595189
8305254375053369
11994087986271069
28159030799066243
14980758231359938
11824141627684953
18917387887931703
11722668072550229
6391349711928216
27837505714959434
1855891188711994
31835648153718906
15425394706517175
28784079221354760
9803143023746109
32535467520880268
8826831887828863
8450651556571125
35141410978020477
27334731452311221
1588749500084272
28230894831754479
20040680316830070
9961393850685994
13713654529138795
5221494085736620
7792019726288622
17646476465987656
23753529371046224
16026954996434733
7615104385295687
5323950038499089
7880337775233149
23113859894682877
16788346880232282
6965180242121070
2274188730641558
28279251889800998
31545432347608439
12404178803888246
33190992073036352
31428305890297697
25761673724028422
20553906857063389
29312961440986046
3294610395859811
12216141241206923
31879594721922557
13855034838073367
18114475559679692
1397520103543113
